[gd_scene load_steps=5 format=2]

[ext_resource path="res://packages/fnfvr/resources/scenes/game/game_over/GameOverVR.tscn" type="PackedScene" id=1]
[ext_resource path="res://packages/fnfvr/resources/sounds/week_3/shooters.ogg" type="AudioStream" id=2]

[sub_resource type="ViewportTexture" id=1]
viewport_path = NodePath("MenuVR/Viewport")

[sub_resource type="SpatialMaterial" id=2]
resource_local_to_scene = true
flags_transparent = true
flags_unshaded = true
flags_albedo_tex_force_srgb = true
albedo_texture = SubResource( 1 )

[node name="GameOverVR" instance=ExtResource( 1 )]

[node name="PathFollow" parent="Scene/Cloud_Path" index="0"]
transform = Transform( 0.931447, -0.0489822, -0.360564, 0.0735496, 0.995789, 0.0547244, 0.356365, -0.0774923, 0.931128, -0.581717, -0.217845, -0.475117 )

[node name="PathFollow2" parent="Scene/Cloud_Path" index="1"]
transform = Transform( 0.386271, -0.000162759, 0.922385, 0.112537, 0.992538, -0.0469524, -0.915494, 0.121939, 0.383407, -1.11812, 0.172032, -0.917515 )

[node name="PathFollow3" parent="Scene/Cloud_Path" index="2"]
transform = Transform( 0.965615, -0.0605283, 0.252831, 0.0860349, 0.992121, -0.0910695, -0.245326, 0.10969, 0.963215, -0.710053, 0.365694, -1.33392 )

[node name="Retry_Sphere" parent="Scene/Retry" index="2"]
transform = Transform( 0.284852, 0.0941236, 0, -0.0941236, 0.284852, 0, 0, 0, 0.3, 0, 0, 1.12445 )

[node name="Retry_Ring" parent="Scene/Retry/Retry_Sphere" index="0"]
transform = Transform( -4.80825e-08, 0, -1.1, 0, 1.1, 0, 1.1, 0, -4.80825e-08, 0, 0, 0 )

[node name="Display" parent="MenuVR" index="1"]
transform = Transform( 1, 0, 0, 0, -4.37114e-08, -1, 0, 1, -4.37114e-08, 0, 1.5, -1.5 )
material_override = SubResource( 2 )

[node name="AudioStreamPlayer" type="AudioStreamPlayer" parent="." index="8"]
stream = ExtResource( 2 )
autoplay = true
bus = "SFX"

[editable path="MenuVR"]
